label                         : strong_N5000_t1
wall_seconds                  : 2.822062
simulated_seconds             : 0.02
final_KE                      : 238.4557397671174
final_PE                      : 1194.728708947143
final_E_total                 : 1433.184448714261
max_speed                     : 7.477423436532316
active_contacts               : 349
contact_frac_%                : 99.48209785045169
speedup                       : 1
efficiency                    : 1
